4.999995 -85.00000 11
4.999995 -80.00000 13
4.999995 -75.00000 8
4.999995 -70.00000 5
4.999995 -65.00000 11
4.999995 -60.00000 10
4.999995 -55.00000 5
4.999995 -50.00000 11
4.999995 -45.00000 10
4.999995 -40.00000 5
4.999995 -35.00000 4
4.999995 -30.00000 9
4.999995 -25.00000 8
4.999995 -20.00000 7
4.999995 -15.00000 6
4.999995 -10.00000 5
4.999995 -05.00000 9
4.999995 +00.00000 3
4.999995 +05.00000 4
4.999995 +10.00000 7
4.999995 +15.00000 6
4.999995 +20.00000 6
4.999995 +25.00000 5
4.999995 +30.00000 8
4.999995 +35.00000 10
4.999995 +40.00000 10
4.999995 +45.00000 11
4.999995 +50.00000 15
4.999995 +55.00000 15
4.999995 +60.00000 22
4.999995 +65.00000 15
4.999995 +70.00000 8
4.999995 +75.00000 7
4.999995 +80.00000 5
4.999995 +85.00000 10
9.999990 -85.00000 11
9.999990 -80.00000 12
9.999990 -75.00000 8
9.999990 -70.00000 7
9.999990 -65.00000 13
9.999990 -60.00000 10
9.999990 -55.00000 0
9.999990 -50.00000 8
9.999990 -45.00000 11
9.999990 -40.00000 7
9.999990 -35.00000 2
9.999990 -30.00000 4
9.999990 -25.00000 8
9.999990 -20.00000 9
9.999990 -15.00000 4
9.999990 -10.00000 6
9.999990 -05.00000 4
9.999990 +00.00000 5
9.999990 +05.00000 4
9.999990 +10.00000 4
9.999990 +15.00000 5
9.999990 +20.00000 9
9.999990 +25.00000 7
9.999990 +30.00000 8
9.999990 +35.00000 9
9.999990 +40.00000 11
9.999990 +45.00000 12
9.999990 +50.00000 13
9.999990 +55.00000 0
9.999990 +60.00000 21
9.999990 +65.00000 18
9.999990 +70.00000 8
9.999990 +75.00000 7
9.999990 +80.00000 5
9.999990 +85.00000 10
15.00000 -85.00000 9
15.00000 -80.00000 11
15.00000 -75.00000 4
15.00000 -70.00000 6
15.00000 -65.00000 0
15.00000 -60.00000 11
15.00000 -55.00000 7
15.00000 -50.00000 7
15.00000 -45.00000 8
15.00000 -40.00000 6
15.00000 -35.00000 4
15.00000 -30.00000 2
15.00000 -25.00000 5
15.00000 -20.00000 6
15.00000 -15.00000 6
15.00000 -10.00000 10
15.00000 -05.00000 5
15.00000 +00.00000 5
15.00000 +05.00000 6
15.00000 +10.00000 5
15.00000 +15.00000 6
15.00000 +20.00000 10
15.00000 +25.00000 12
15.00000 +30.00000 8
15.00000 +35.00000 7
15.00000 +40.00000 9
15.00000 +45.00000 13
15.00000 +50.00000 7
15.00000 +55.00000 14
15.00000 +60.00000 20
15.00000 +65.00000 0
15.00000 +70.00000 10
15.00000 +75.00000 7
15.00000 +80.00000 6
15.00000 +85.00000 11
19.99999 -85.00000 9
19.99999 -80.00000 11
19.99999 -75.00000 4
19.99999 -70.00000 3
19.99999 -65.00000 7
19.99999 -60.00000 9
19.99999 -55.00000 6
19.99999 -50.00000 7
19.99999 -45.00000 7
19.99999 -40.00000 6
19.99999 -35.00000 5
19.99999 -30.00000 6
19.99999 -25.00000 2
19.99999 -20.00000 2
19.99999 -15.00000 4
19.99999 -10.00000 9
19.99999 -05.00000 8
19.99999 +00.00000 4
19.99999 +05.00000 4
19.99999 +10.00000 4
19.99999 +15.00000 8
19.99999 +20.00000 12
19.99999 +25.00000 6
19.99999 +30.00000 7
19.99999 +35.00000 7
19.99999 +40.00000 11
19.99999 +45.00000 13
19.99999 +50.00000 6
19.99999 +55.00000 9
19.99999 +60.00000 18
19.99999 +65.00000 17
19.99999 +70.00000 11
19.99999 +75.00000 10
19.99999 +80.00000 8
19.99999 +85.00000 14
24.99999 -85.00000 9
24.99999 -80.00000 9
24.99999 -75.00000 4
24.99999 -70.00000 7
24.99999 -65.00000 8
24.99999 -60.00000 6
24.99999 -55.00000 7
24.99999 -50.00000 8
24.99999 -45.00000 9
24.99999 -40.00000 7
24.99999 -35.00000 4
24.99999 -30.00000 6
24.99999 -25.00000 6
24.99999 -20.00000 9
24.99999 -15.00000 8
24.99999 -10.00000 8
24.99999 -05.00000 4
24.99999 +00.00000 3
24.99999 +05.00000 5
24.99999 +10.00000 5
24.99999 +15.00000 7
24.99999 +20.00000 11
24.99999 +25.00000 4
24.99999 +30.00000 5
24.99999 +35.00000 7
24.99999 +40.00000 11
24.99999 +45.00000 11
24.99999 +50.00000 7
24.99999 +55.00000 11
24.99999 +60.00000 13
24.99999 +65.00000 14
24.99999 +70.00000 10
24.99999 +75.00000 12
24.99999 +80.00000 8
24.99999 +85.00000 14
30.00000 -85.00000 9
30.00000 -80.00000 7
30.00000 -75.00000 4
30.00000 -70.00000 8
30.00000 -65.00000 7
30.00000 -60.00000 6
30.00000 -55.00000 9
30.00000 -50.00000 11
30.00000 -45.00000 7
30.00000 -40.00000 6
30.00000 -35.00000 3
30.00000 -30.00000 4
30.00000 -25.00000 6
30.00000 -20.00000 6
30.00000 -15.00000 3
30.00000 -10.00000 4
30.00000 -05.00000 8
30.00000 +00.00000 10
30.00000 +05.00000 7
30.00000 +10.00000 4
30.00000 +15.00000 6
30.00000 +20.00000 13
30.00000 +25.00000 13
30.00000 +30.00000 11
30.00000 +35.00000 11
30.00000 +40.00000 13
30.00000 +45.00000 11
30.00000 +50.00000 13
30.00000 +55.00000 10
30.00000 +60.00000 13
30.00000 +65.00000 11
30.00000 +70.00000 13
30.00000 +75.00000 10
30.00000 +80.00000 9
30.00000 +85.00000 13
34.99999 -85.00000 11
34.99999 -80.00000 6
34.99999 -75.00000 6
34.99999 -70.00000 9
34.99999 -65.00000 11
34.99999 -60.00000 6
34.99999 -55.00000 6
34.99999 -50.00000 8
34.99999 -45.00000 8
34.99999 -40.00000 6
34.99999 -35.00000 4
34.99999 -30.00000 7
34.99999 -25.00000 3
34.99999 -20.00000 7
34.99999 -15.00000 6
34.99999 -10.00000 5
34.99999 -05.00000 10
34.99999 +00.00000 12
34.99999 +05.00000 9
34.99999 +10.00000 6
34.99999 +15.00000 4
34.99999 +20.00000 6
34.99999 +25.00000 10
34.99999 +30.00000 11
34.99999 +35.00000 13
34.99999 +40.00000 10
34.99999 +45.00000 7
34.99999 +50.00000 10
34.99999 +55.00000 9
34.99999 +60.00000 7
34.99999 +65.00000 11
34.99999 +70.00000 11
34.99999 +75.00000 8
34.99999 +80.00000 10
34.99999 +85.00000 13
39.99999 -85.00000 9
39.99999 -80.00000 8
39.99999 -75.00000 8
39.99999 -70.00000 10
39.99999 -65.00000 11
39.99999 -60.00000 6
39.99999 -55.00000 6
39.99999 -50.00000 7
39.99999 -45.00000 3
39.99999 -40.00000 10
39.99999 -35.00000 10
39.99999 -30.00000 8
39.99999 -25.00000 7
39.99999 -20.00000 4
39.99999 -15.00000 7
39.99999 -10.00000 9
39.99999 -05.00000 7
39.99999 +00.00000 10
39.99999 +05.00000 8
39.99999 +10.00000 9
39.99999 +15.00000 7
39.99999 +20.00000 9
39.99999 +25.00000 7
39.99999 +30.00000 11
39.99999 +35.00000 13
39.99999 +40.00000 11
39.99999 +45.00000 8
39.99999 +50.00000 12
39.99999 +55.00000 7
39.99999 +60.00000 6
39.99999 +65.00000 10
39.99999 +70.00000 8
39.99999 +75.00000 9
39.99999 +80.00000 10
39.99999 +85.00000 12
45.00000 -85.00000 6
45.00000 -80.00000 8
45.00000 -75.00000 8
45.00000 -70.00000 10
45.00000 -65.00000 12
45.00000 -60.00000 9
45.00000 -55.00000 5
45.00000 -50.00000 4
45.00000 -45.00000 8
45.00000 -40.00000 11
45.00000 -35.00000 6
45.00000 -30.00000 7
45.00000 -25.00000 10
45.00000 -20.00000 8
45.00000 -15.00000 2
45.00000 -10.00000 8
45.00000 -05.00000 11
45.00000 +00.00000 9
45.00000 +05.00000 7
45.00000 +10.00000 6
45.00000 +15.00000 9
45.00000 +20.00000 9
45.00000 +25.00000 11
45.00000 +30.00000 11
45.00000 +35.00000 11
45.00000 +40.00000 12
45.00000 +45.00000 10
45.00000 +50.00000 17
45.00000 +55.00000 10
45.00000 +60.00000 7
45.00000 +65.00000 8
45.00000 +70.00000 9
45.00000 +75.00000 7
45.00000 +80.00000 13
45.00000 +85.00000 14
49.99999 -85.00000 6
49.99999 -80.00000 9
49.99999 -75.00000 8
49.99999 -70.00000 7
49.99999 -65.00000 12
49.99999 -60.00000 8
49.99999 -55.00000 2
49.99999 -50.00000 5
49.99999 -45.00000 7
49.99999 -40.00000 8
49.99999 -35.00000 1
49.99999 -30.00000 4
49.99999 -25.00000 10
49.99999 -20.00000 7
49.99999 -15.00000 4
49.99999 -10.00000 9
49.99999 -05.00000 8
49.99999 +00.00000 6
49.99999 +05.00000 7
49.99999 +10.00000 8
49.99999 +15.00000 4
49.99999 +20.00000 6
49.99999 +25.00000 13
49.99999 +30.00000 10
49.99999 +35.00000 12
49.99999 +40.00000 11
49.99999 +45.00000 20
49.99999 +50.00000 22
49.99999 +55.00000 13
49.99999 +60.00000 14
49.99999 +65.00000 12
49.99999 +70.00000 8
49.99999 +75.00000 7
49.99999 +80.00000 12
49.99999 +85.00000 15
54.99999 -85.00000 7
54.99999 -80.00000 9
54.99999 -75.00000 8
54.99999 -70.00000 5
54.99999 -65.00000 14
54.99999 -60.00000 13
54.99999 -55.00000 2
54.99999 -50.00000 5
54.99999 -45.00000 8
54.99999 -40.00000 9
54.99999 -35.00000 7
54.99999 -30.00000 6
54.99999 -25.00000 9
54.99999 -20.00000 4
54.99999 -15.00000 8
54.99999 -10.00000 11
54.99999 -05.00000 11
54.99999 +00.00000 5
54.99999 +05.00000 7
54.99999 +10.00000 8
54.99999 +15.00000 5
54.99999 +20.00000 20
54.99999 +25.00000 20
54.99999 +30.00000 10
54.99999 +35.00000 13
54.99999 +40.00000 9
54.99999 +45.00000 17
54.99999 +50.00000 22
54.99999 +55.00000 9
54.99999 +60.00000 15
54.99999 +65.00000 11
54.99999 +70.00000 8
54.99999 +75.00000 8
54.99999 +80.00000 12
54.99999 +85.00000 15
60.00000 -85.00000 7
60.00000 -80.00000 10
60.00000 -75.00000 7
60.00000 -70.00000 5
60.00000 -65.00000 13
60.00000 -60.00000 13
60.00000 -55.00000 4
60.00000 -50.00000 5
60.00000 -45.00000 6
60.00000 -40.00000 8
60.00000 -35.00000 8
60.00000 -30.00000 6
60.00000 -25.00000 6
60.00000 -20.00000 7
60.00000 -15.00000 6
60.00000 -10.00000 14
60.00000 -05.00000 10
60.00000 +00.00000 6
60.00000 +05.00000 9
60.00000 +10.00000 13
60.00000 +15.00000 9
60.00000 +20.00000 19
60.00000 +25.00000 21
60.00000 +30.00000 10
60.00000 +35.00000 13
60.00000 +40.00000 9
60.00000 +45.00000 12
60.00000 +50.00000 16
60.00000 +55.00000 13
60.00000 +60.00000 15
60.00000 +65.00000 13
60.00000 +70.00000 5
60.00000 +75.00000 8
60.00000 +80.00000 13
60.00000 +85.00000 15
64.99999 -85.00000 6
64.99999 -80.00000 10
64.99999 -75.00000 8
64.99999 -70.00000 4
64.99999 -65.00000 12
64.99999 -60.00000 13
64.99999 -55.00000 5
64.99999 -50.00000 3
64.99999 -45.00000 6
64.99999 -40.00000 6
64.99999 -35.00000 4
64.99999 -30.00000 7
64.99999 -25.00000 6
64.99999 -20.00000 5
64.99999 -15.00000 6
64.99999 -10.00000 11
64.99999 -05.00000 10
64.99999 +00.00000 8
64.99999 +05.00000 12
64.99999 +10.00000 18
64.99999 +15.00000 31
64.99999 +20.00000 31
64.99999 +25.00000 19
64.99999 +30.00000 12
64.99999 +35.00000 8
64.99999 +40.00000 6
64.99999 +45.00000 8
64.99999 +50.00000 17
64.99999 +55.00000 14
64.99999 +60.00000 12
64.99999 +65.00000 13
64.99999 +70.00000 6
64.99999 +75.00000 9
64.99999 +80.00000 11
64.99999 +85.00000 13
69.99999 -85.00000 6
69.99999 -80.00000 10
69.99999 -75.00000 7
69.99999 -70.00000 3
69.99999 -65.00000 9
69.99999 -60.00000 12
69.99999 -55.00000 6
69.99999 -50.00000 6
69.99999 -45.00000 4
69.99999 -40.00000 7
69.99999 -35.00000 8
69.99999 -30.00000 4
69.99999 -25.00000 6
69.99999 -20.00000 9
69.99999 -15.00000 14
69.99999 -10.00000 10
69.99999 -05.00000 12
69.99999 +00.00000 11
69.99999 +05.00000 12
69.99999 +10.00000 17
69.99999 +15.00000 38
69.99999 +20.00000 28
69.99999 +25.00000 15
69.99999 +30.00000 7
69.99999 +35.00000 11
69.99999 +40.00000 12
69.99999 +45.00000 9
69.99999 +50.00000 15
69.99999 +55.00000 11
69.99999 +60.00000 11
69.99999 +65.00000 7
69.99999 +70.00000 7
69.99999 +75.00000 6
69.99999 +80.00000 11
69.99999 +85.00000 12
75.00000 -85.00000 6
75.00000 -80.00000 9
75.00000 -75.00000 8
75.00000 -70.00000 5
75.00000 -65.00000 9
75.00000 -60.00000 9
75.00000 -55.00000 4
75.00000 -50.00000 6
75.00000 -45.00000 5
75.00000 -40.00000 9
75.00000 -35.00000 8
75.00000 -30.00000 6
75.00000 -25.00000 11
75.00000 -20.00000 16
75.00000 -15.00000 15
75.00000 -10.00000 14
75.00000 -05.00000 15
75.00000 +00.00000 11
75.00000 +05.00000 12
75.00000 +10.00000 14
75.00000 +15.00000 12
75.00000 +20.00000 12
75.00000 +25.00000 9
75.00000 +30.00000 9
75.00000 +35.00000 14
75.00000 +40.00000 18
75.00000 +45.00000 11
75.00000 +50.00000 10
75.00000 +55.00000 11
75.00000 +60.00000 10
75.00000 +65.00000 10
75.00000 +70.00000 5
75.00000 +75.00000 6
75.00000 +80.00000 9
75.00000 +85.00000 12
79.99999 -85.00000 6
79.99999 -80.00000 9
79.99999 -75.00000 8
79.99999 -70.00000 7
79.99999 -65.00000 8
79.99999 -60.00000 6
79.99999 -55.00000 8
79.99999 -50.00000 8
79.99999 -45.00000 6
79.99999 -40.00000 9
79.99999 -35.00000 13
79.99999 -30.00000 8
79.99999 -25.00000 12
79.99999 -20.00000 12
79.99999 -15.00000 14
79.99999 -10.00000 19
79.99999 -05.00000 31
79.99999 +00.00000 21
79.99999 +05.00000 15
79.99999 +10.00000 10
79.99999 +15.00000 15
79.99999 +20.00000 15
79.99999 +25.00000 12
79.99999 +30.00000 17
79.99999 +35.00000 12
79.99999 +40.00000 11
79.99999 +45.00000 11
79.99999 +50.00000 7
79.99999 +55.00000 9
79.99999 +60.00000 9
79.99999 +65.00000 9
79.99999 +70.00000 6
79.99999 +75.00000 6
79.99999 +80.00000 9
79.99999 +85.00000 11
84.99999 -85.00000 5
84.99999 -80.00000 10
84.99999 -75.00000 7
84.99999 -70.00000 10
84.99999 -65.00000 11
84.99999 -60.00000 7
84.99999 -55.00000 10
84.99999 -50.00000 11
84.99999 -45.00000 10
84.99999 -40.00000 11
84.99999 -35.00000 17
84.99999 -30.00000 10
84.99999 -25.00000 11
84.99999 -20.00000 12
84.99999 -15.00000 10
84.99999 -10.00000 22
84.99999 -05.00000 27
84.99999 +00.00000 28
84.99999 +05.00000 18
84.99999 +10.00000 16
84.99999 +15.00000 19
84.99999 +20.00000 18
84.99999 +25.00000 14
84.99999 +30.00000 15
84.99999 +35.00000 16
84.99999 +40.00000 10
84.99999 +45.00000 9
84.99999 +50.00000 5
84.99999 +55.00000 4
84.99999 +60.00000 12
84.99999 +65.00000 7
84.99999 +70.00000 6
84.99999 +75.00000 6
84.99999 +80.00000 11
84.99999 +85.00000 10
90.00000 -85.00000 5
90.00000 -80.00000 10
90.00000 -75.00000 5
90.00000 -70.00000 12
90.00000 -65.00000 9
90.00000 -60.00000 11
90.00000 -55.00000 13
90.00000 -50.00000 12
90.00000 -45.00000 6
90.00000 -40.00000 14
90.00000 -35.00000 21
90.00000 -30.00000 13
90.00000 -25.00000 16
90.00000 -20.00000 16
90.00000 -15.00000 13
90.00000 -10.00000 14
90.00000 -05.00000 16
90.00000 +00.00000 12
90.00000 +05.00000 11
90.00000 +10.00000 17
90.00000 +15.00000 23
90.00000 +20.00000 17
90.00000 +25.00000 15
90.00000 +30.00000 10
90.00000 +35.00000 8
90.00000 +40.00000 7
90.00000 +45.00000 6
90.00000 +50.00000 8
90.00000 +55.00000 8
90.00000 +60.00000 12
90.00000 +65.00000 7
90.00000 +70.00000 6
90.00000 +75.00000 8
90.00000 +80.00000 10
90.00000 +85.00000 9
94.99999 -85.00000 5
94.99999 -80.00000 8
94.99999 -75.00000 7
94.99999 -70.00000 12
94.99999 -65.00000 12
94.99999 -60.00000 9
94.99999 -55.00000 18
94.99999 -50.00000 12
94.99999 -45.00000 8
94.99999 -40.00000 15
94.99999 -35.00000 25
94.99999 -30.00000 17
94.99999 -25.00000 17
94.99999 -20.00000 17
94.99999 -15.00000 15
94.99999 -10.00000 16
94.99999 -05.00000 23
94.99999 +00.00000 14
94.99999 +05.00000 11
94.99999 +10.00000 18
94.99999 +15.00000 18
94.99999 +20.00000 15
94.99999 +25.00000 9
94.99999 +30.00000 8
94.99999 +35.00000 6
94.99999 +40.00000 7
94.99999 +45.00000 9
94.99999 +50.00000 6
94.99999 +55.00000 11
94.99999 +60.00000 14
94.99999 +65.00000 7
94.99999 +70.00000 6
94.99999 +75.00000 6
94.99999 +80.00000 8
94.99999 +85.00000 8
99.99999 -85.00000 4
99.99999 -80.00000 7
99.99999 -75.00000 10
99.99999 -70.00000 9
99.99999 -65.00000 8
99.99999 -60.00000 11
99.99999 -55.00000 17
99.99999 -50.00000 16
99.99999 -45.00000 7
99.99999 -40.00000 10
99.99999 -35.00000 26
99.99999 -30.00000 16
99.99999 -25.00000 13
99.99999 -20.00000 18
99.99999 -15.00000 16
99.99999 -10.00000 15
99.99999 -05.00000 13
99.99999 +00.00000 16
99.99999 +05.00000 14
99.99999 +10.00000 16
99.99999 +15.00000 15
99.99999 +20.00000 8
99.99999 +25.00000 10
99.99999 +30.00000 9
99.99999 +35.00000 7
99.99999 +40.00000 8
99.99999 +45.00000 11
99.99999 +50.00000 6
99.99999 +55.00000 11
99.99999 +60.00000 15
99.99999 +65.00000 6
99.99999 +70.00000 7
99.99999 +75.00000 5
99.99999 +80.00000 7
99.99999 +85.00000 8
105.0000 -85.00000 4
105.0000 -80.00000 10
105.0000 -75.00000 8
105.0000 -70.00000 10
105.0000 -65.00000 3
105.0000 -60.00000 8
105.0000 -55.00000 15
105.0000 -50.00000 22
105.0000 -45.00000 18
105.0000 -40.00000 16
105.0000 -35.00000 14
105.0000 -30.00000 22
105.0000 -25.00000 28
105.0000 -20.00000 16
105.0000 -15.00000 15
105.0000 -10.00000 11
105.0000 -05.00000 9
105.0000 +00.00000 13
105.0000 +05.00000 13
105.0000 +10.00000 14
105.0000 +15.00000 14
105.0000 +20.00000 12
105.0000 +25.00000 12
105.0000 +30.00000 13
105.0000 +35.00000 6
105.0000 +40.00000 10
105.0000 +45.00000 11
105.0000 +50.00000 11
105.0000 +55.00000 10
105.0000 +60.00000 10
105.0000 +65.00000 6
105.0000 +70.00000 6
105.0000 +75.00000 5
105.0000 +80.00000 7
105.0000 +85.00000 8
109.9999 -85.00000 4
109.9999 -80.00000 10
109.9999 -75.00000 10
109.9999 -70.00000 11
109.9999 -65.00000 5
109.9999 -60.00000 10
109.9999 -55.00000 15
109.9999 -50.00000 21
109.9999 -45.00000 17
109.9999 -40.00000 23
109.9999 -35.00000 21
109.9999 -30.00000 25
109.9999 -25.00000 36
109.9999 -20.00000 20
109.9999 -15.00000 17
109.9999 -10.00000 11
109.9999 -05.00000 10
109.9999 +00.00000 9
109.9999 +05.00000 16
109.9999 +10.00000 14
109.9999 +15.00000 11
109.9999 +20.00000 12
109.9999 +25.00000 17
109.9999 +30.00000 13
109.9999 +35.00000 10
109.9999 +40.00000 5
109.9999 +45.00000 15
109.9999 +50.00000 13
109.9999 +55.00000 9
109.9999 +60.00000 7
109.9999 +65.00000 4
109.9999 +70.00000 7
109.9999 +75.00000 6
109.9999 +80.00000 5
109.9999 +85.00000 8
114.9999 -85.00000 5
114.9999 -80.00000 11
114.9999 -75.00000 8
114.9999 -70.00000 13
114.9999 -65.00000 15
114.9999 -60.00000 11
114.9999 -55.00000 16
114.9999 -50.00000 25
114.9999 -45.00000 24
114.9999 -40.00000 29
114.9999 -35.00000 31
114.9999 -30.00000 21
114.9999 -25.00000 30
114.9999 -20.00000 19
114.9999 -15.00000 16
114.9999 -10.00000 14
114.9999 -05.00000 10
114.9999 +00.00000 8
114.9999 +05.00000 11
114.9999 +10.00000 12
114.9999 +15.00000 9
114.9999 +20.00000 11
114.9999 +25.00000 15
114.9999 +30.00000 17
114.9999 +35.00000 11
114.9999 +40.00000 6
114.9999 +45.00000 9
114.9999 +50.00000 15
114.9999 +55.00000 9
114.9999 +60.00000 8
114.9999 +65.00000 4
114.9999 +70.00000 6
114.9999 +75.00000 5
114.9999 +80.00000 7
114.9999 +85.00000 8
120.0000 -85.00000 7
120.0000 -80.00000 10
120.0000 -75.00000 9
120.0000 -70.00000 14
120.0000 -65.00000 16
120.0000 -60.00000 16
120.0000 -55.00000 15
120.0000 -50.00000 33
120.0000 -45.00000 28
120.0000 -40.00000 31
120.0000 -35.00000 29
120.0000 -30.00000 9
120.0000 -25.00000 12
120.0000 -20.00000 10
120.0000 -15.00000 12
120.0000 -10.00000 10
120.0000 -05.00000 8
120.0000 +00.00000 7
120.0000 +05.00000 7
120.0000 +10.00000 5
120.0000 +15.00000 9
120.0000 +20.00000 9
120.0000 +25.00000 10
120.0000 +30.00000 8
120.0000 +35.00000 6
120.0000 +40.00000 2
120.0000 +45.00000 4
120.0000 +50.00000 8
120.0000 +55.00000 9
120.0000 +60.00000 10
120.0000 +65.00000 10
120.0000 +70.00000 6
120.0000 +75.00000 4
120.0000 +80.00000 7
120.0000 +85.00000 7
124.9999 -85.00000 6
124.9999 -80.00000 11
124.9999 -75.00000 14
124.9999 -70.00000 17
124.9999 -65.00000 15
124.9999 -60.00000 23
124.9999 -55.00000 28
124.9999 -50.00000 35
124.9999 -45.00000 34
124.9999 -40.00000 21
124.9999 -35.00000 17
124.9999 -30.00000 9
124.9999 -25.00000 9
124.9999 -20.00000 10
124.9999 -15.00000 9
124.9999 -10.00000 8
124.9999 -05.00000 8
124.9999 +00.00000 8
124.9999 +05.00000 8
124.9999 +10.00000 8
124.9999 +15.00000 9
124.9999 +20.00000 9
124.9999 +25.00000 10
124.9999 +30.00000 5
124.9999 +35.00000 2
124.9999 +40.00000 3
124.9999 +45.00000 2
124.9999 +50.00000 5
124.9999 +55.00000 10
124.9999 +60.00000 12
124.9999 +65.00000 11
124.9999 +70.00000 5
124.9999 +75.00000 4
124.9999 +80.00000 6
124.9999 +85.00000 6
129.9999 -85.00000 6
129.9999 -80.00000 11
129.9999 -75.00000 18
129.9999 -70.00000 19
129.9999 -65.00000 17
129.9999 -60.00000 21
129.9999 -55.00000 26
129.9999 -50.00000 35
129.9999 -45.00000 26
129.9999 -40.00000 13
129.9999 -35.00000 12
129.9999 -30.00000 11
129.9999 -25.00000 12
129.9999 -20.00000 8
129.9999 -15.00000 7
129.9999 -10.00000 7
129.9999 -05.00000 12
129.9999 +00.00000 7
129.9999 +05.00000 12
129.9999 +10.00000 14
129.9999 +15.00000 9
129.9999 +20.00000 8
129.9999 +25.00000 8
129.9999 +30.00000 7
129.9999 +35.00000 6
129.9999 +40.00000 6
129.9999 +45.00000 7
129.9999 +50.00000 8
129.9999 +55.00000 6
129.9999 +60.00000 12
129.9999 +65.00000 14
129.9999 +70.00000 11
129.9999 +75.00000 5
129.9999 +80.00000 5
129.9999 +85.00000 6
135.0000 -85.00000 7
135.0000 -80.00000 13
135.0000 -75.00000 16
135.0000 -70.00000 19
135.0000 -65.00000 23
135.0000 -60.00000 27
135.0000 -55.00000 29
135.0000 -50.00000 28
135.0000 -45.00000 29
135.0000 -40.00000 16
135.0000 -35.00000 8
135.0000 -30.00000 9
135.0000 -25.00000 7
135.0000 -20.00000 4
135.0000 -15.00000 8
135.0000 -10.00000 9
135.0000 -05.00000 11
135.0000 +00.00000 5
135.0000 +05.00000 7
135.0000 +10.00000 8
135.0000 +15.00000 10
135.0000 +20.00000 7
135.0000 +25.00000 7
135.0000 +30.00000 12
135.0000 +35.00000 13
135.0000 +40.00000 8
135.0000 +45.00000 10
135.0000 +50.00000 10
135.0000 +55.00000 7
135.0000 +60.00000 9
135.0000 +65.00000 12
135.0000 +70.00000 10
135.0000 +75.00000 6
135.0000 +80.00000 5
135.0000 +85.00000 5
139.9999 -85.00000 7
139.9999 -80.00000 12
139.9999 -75.00000 14
139.9999 -70.00000 16
139.9999 -65.00000 19
139.9999 -60.00000 30
139.9999 -55.00000 26
139.9999 -50.00000 17
139.9999 -45.00000 19
139.9999 -40.00000 18
139.9999 -35.00000 8
139.9999 -30.00000 8
139.9999 -25.00000 10
139.9999 -20.00000 8
139.9999 -15.00000 6
139.9999 -10.00000 11
139.9999 -05.00000 13
139.9999 +00.00000 5
139.9999 +05.00000 6
139.9999 +10.00000 5
139.9999 +15.00000 3
139.9999 +20.00000 2
139.9999 +25.00000 6
139.9999 +30.00000 12
139.9999 +35.00000 15
139.9999 +40.00000 11
139.9999 +45.00000 8
139.9999 +50.00000 10
139.9999 +55.00000 9
139.9999 +60.00000 8
139.9999 +65.00000 12
139.9999 +70.00000 9
139.9999 +75.00000 6
139.9999 +80.00000 5
139.9999 +85.00000 5
144.9999 -85.00000 10
144.9999 -80.00000 11
144.9999 -75.00000 13
144.9999 -70.00000 14
144.9999 -65.00000 18
144.9999 -60.00000 23
144.9999 -55.00000 18
144.9999 -50.00000 17
144.9999 -45.00000 17
144.9999 -40.00000 10
144.9999 -35.00000 7
144.9999 -30.00000 8
144.9999 -25.00000 12
144.9999 -20.00000 8
144.9999 -15.00000 4
144.9999 -10.00000 6
144.9999 -05.00000 10
144.9999 +00.00000 7
144.9999 +05.00000 8
144.9999 +10.00000 11
144.9999 +15.00000 5
144.9999 +20.00000 4
144.9999 +25.00000 6
144.9999 +30.00000 6
144.9999 +35.00000 12
144.9999 +40.00000 8
144.9999 +45.00000 4
144.9999 +50.00000 7
144.9999 +55.00000 11
144.9999 +60.00000 9
144.9999 +65.00000 11
144.9999 +70.00000 10
144.9999 +75.00000 5
144.9999 +80.00000 4
144.9999 +85.00000 7
150.0000 -85.00000 10
150.0000 -80.00000 10
150.0000 -75.00000 12
150.0000 -70.00000 13
150.0000 -65.00000 22
150.0000 -60.00000 23
150.0000 -55.00000 17
150.0000 -50.00000 19
150.0000 -45.00000 11
150.0000 -40.00000 7
150.0000 -35.00000 3
150.0000 -30.00000 4
150.0000 -25.00000 5
150.0000 -20.00000 4
150.0000 -15.00000 8
150.0000 -10.00000 6
150.0000 -05.00000 3
150.0000 +00.00000 4
150.0000 +05.00000 6
150.0000 +10.00000 9
150.0000 +15.00000 7
150.0000 +20.00000 7
150.0000 +25.00000 10
150.0000 +30.00000 5
150.0000 +35.00000 4
150.0000 +40.00000 8
150.0000 +45.00000 4
150.0000 +50.00000 6
150.0000 +55.00000 8
150.0000 +60.00000 5
150.0000 +65.00000 7
150.0000 +70.00000 11
150.0000 +75.00000 5
150.0000 +80.00000 4
150.0000 +85.00000 7
154.9999 -85.00000 9
154.9999 -80.00000 11
154.9999 -75.00000 12
154.9999 -70.00000 11
154.9999 -65.00000 19
154.9999 -60.00000 22
154.9999 -55.00000 15
154.9999 -50.00000 13
154.9999 -45.00000 11
154.9999 -40.00000 6
154.9999 -35.00000 4
154.9999 -30.00000 6
154.9999 -25.00000 5
154.9999 -20.00000 4
154.9999 -15.00000 10
154.9999 -10.00000 8
154.9999 -05.00000 4
154.9999 +00.00000 4
154.9999 +05.00000 3
154.9999 +10.00000 8
154.9999 +15.00000 7
154.9999 +20.00000 8
154.9999 +25.00000 6
154.9999 +30.00000 9
154.9999 +35.00000 10
154.9999 +40.00000 9
154.9999 +45.00000 5
154.9999 +50.00000 3
154.9999 +55.00000 10
154.9999 +60.00000 8
154.9999 +65.00000 8
154.9999 +70.00000 12
154.9999 +75.00000 5
154.9999 +80.00000 4
154.9999 +85.00000 6
159.9999 -85.00000 9
159.9999 -80.00000 10
159.9999 -75.00000 10
159.9999 -70.00000 10
159.9999 -65.00000 20
159.9999 -60.00000 30
159.9999 -55.00000 15
159.9999 -50.00000 9
159.9999 -45.00000 10
159.9999 -40.00000 6
159.9999 -35.00000 9
159.9999 -30.00000 9
159.9999 -25.00000 4
159.9999 -20.00000 8
159.9999 -15.00000 9
159.9999 -10.00000 7
159.9999 -05.00000 5
159.9999 +00.00000 4
159.9999 +05.00000 4
159.9999 +10.00000 8
159.9999 +15.00000 4
159.9999 +20.00000 5
159.9999 +25.00000 3
159.9999 +30.00000 6
159.9999 +35.00000 13
159.9999 +40.00000 10
159.9999 +45.00000 8
159.9999 +50.00000 2
159.9999 +55.00000 8
159.9999 +60.00000 8
159.9999 +65.00000 10
159.9999 +70.00000 9
159.9999 +75.00000 3
159.9999 +80.00000 4
159.9999 +85.00000 6
165.0000 -85.00000 8
165.0000 -80.00000 12
165.0000 -75.00000 13
165.0000 -70.00000 11
165.0000 -65.00000 25
165.0000 -60.00000 33
165.0000 -55.00000 15
165.0000 -50.00000 5
165.0000 -45.00000 8
165.0000 -40.00000 6
165.0000 -35.00000 8
165.0000 -30.00000 8
165.0000 -25.00000 5
165.0000 -20.00000 6
165.0000 -15.00000 6
165.0000 -10.00000 4
165.0000 -05.00000 5
165.0000 +00.00000 7
165.0000 +05.00000 7
165.0000 +10.00000 5
165.0000 +15.00000 3
165.0000 +20.00000 5
165.0000 +25.00000 6
165.0000 +30.00000 6
165.0000 +35.00000 7
165.0000 +40.00000 8
165.0000 +45.00000 7
165.0000 +50.00000 5
165.0000 +55.00000 9
165.0000 +60.00000 8
165.0000 +65.00000 11
165.0000 +70.00000 7
165.0000 +75.00000 4
165.0000 +80.00000 6
165.0000 +85.00000 6
169.9999 -85.00000 10
169.9999 -80.00000 10
169.9999 -75.00000 12
169.9999 -70.00000 10
169.9999 -65.00000 35
169.9999 -60.00000 26
169.9999 -55.00000 14
169.9999 -50.00000 10
169.9999 -45.00000 13
169.9999 -40.00000 9
169.9999 -35.00000 10
169.9999 -30.00000 8
169.9999 -25.00000 5
169.9999 -20.00000 5
169.9999 -15.00000 7
169.9999 -10.00000 6
169.9999 -05.00000 3
169.9999 +00.00000 10
169.9999 +05.00000 10
169.9999 +10.00000 7
169.9999 +15.00000 8
169.9999 +20.00000 7
169.9999 +25.00000 4
169.9999 +30.00000 4
169.9999 +35.00000 6
169.9999 +40.00000 10
169.9999 +45.00000 7
169.9999 +50.00000 3
169.9999 +55.00000 6
169.9999 +60.00000 7
169.9999 +65.00000 8
169.9999 +70.00000 7
169.9999 +75.00000 4
169.9999 +80.00000 8
169.9999 +85.00000 6
174.9999 -85.00000 10
174.9999 -80.00000 10
174.9999 -75.00000 12
174.9999 -70.00000 14
174.9999 -65.00000 32
174.9999 -60.00000 29
174.9999 -55.00000 11
174.9999 -50.00000 12
174.9999 -45.00000 13
174.9999 -40.00000 7
174.9999 -35.00000 10
174.9999 -30.00000 10
174.9999 -25.00000 5
174.9999 -20.00000 6
174.9999 -15.00000 7
174.9999 -10.00000 4
174.9999 -05.00000 4
174.9999 +00.00000 6
174.9999 +05.00000 8
174.9999 +10.00000 8
174.9999 +15.00000 8
174.9999 +20.00000 6
174.9999 +25.00000 2
174.9999 +30.00000 4
174.9999 +35.00000 7
174.9999 +40.00000 5
174.9999 +45.00000 5
174.9999 +50.00000 5
174.9999 +55.00000 6
174.9999 +60.00000 7
174.9999 +65.00000 6
174.9999 +70.00000 7
174.9999 +75.00000 4
174.9999 +80.00000 6
174.9999 +85.00000 5
180.0000 -85.00000 11
180.0000 -80.00000 9
180.0000 -75.00000 12
180.0000 -70.00000 19
180.0000 -65.00000 31
180.0000 -60.00000 32
180.0000 -55.00000 14
180.0000 -50.00000 13
180.0000 -45.00000 11
180.0000 -40.00000 7
180.0000 -35.00000 6
180.0000 -30.00000 5
180.0000 -25.00000 5
180.0000 -20.00000 8
180.0000 -15.00000 6
180.0000 -10.00000 1
180.0000 -05.00000 1
180.0000 +00.00000 3
180.0000 +05.00000 9
180.0000 +10.00000 8
180.0000 +15.00000 5
180.0000 +20.00000 6
180.0000 +25.00000 5
180.0000 +30.00000 6
180.0000 +35.00000 5
180.0000 +40.00000 3
180.0000 +45.00000 4
180.0000 +50.00000 6
180.0000 +55.00000 11
180.0000 +60.00000 9
180.0000 +65.00000 4
180.0000 +70.00000 7
180.0000 +75.00000 4
180.0000 +80.00000 7
180.0000 +85.00000 5
184.9999 -85.00000 11
184.9999 -80.00000 11
184.9999 -75.00000 14
184.9999 -70.00000 17
184.9999 -65.00000 28
184.9999 -60.00000 33
184.9999 -55.00000 17
184.9999 -50.00000 10
184.9999 -45.00000 10
184.9999 -40.00000 12
184.9999 -35.00000 6
184.9999 -30.00000 3
184.9999 -25.00000 9
184.9999 -20.00000 13
184.9999 -15.00000 9
184.9999 -10.00000 6
184.9999 -05.00000 4
184.9999 +00.00000 4
184.9999 +05.00000 2
184.9999 +10.00000 4
184.9999 +15.00000 5
184.9999 +20.00000 12
184.9999 +25.00000 17
184.9999 +30.00000 12
184.9999 +35.00000 5
184.9999 +40.00000 6
184.9999 +45.00000 6
184.9999 +50.00000 3
184.9999 +55.00000 11
184.9999 +60.00000 10
184.9999 +65.00000 9
184.9999 +70.00000 8
184.9999 +75.00000 4
184.9999 +80.00000 7
184.9999 +85.00000 6
189.9999 -85.00000 11
189.9999 -80.00000 10
189.9999 -75.00000 13
189.9999 -70.00000 19
189.9999 -65.00000 25
189.9999 -60.00000 27
189.9999 -55.00000 20
189.9999 -50.00000 12
189.9999 -45.00000 11
189.9999 -40.00000 10
189.9999 -35.00000 9
189.9999 -30.00000 7
189.9999 -25.00000 6
189.9999 -20.00000 6
189.9999 -15.00000 9
189.9999 -10.00000 9
189.9999 -05.00000 5
189.9999 +00.00000 2
189.9999 +05.00000 5
189.9999 +10.00000 6
189.9999 +15.00000 7
189.9999 +20.00000 9
189.9999 +25.00000 16
189.9999 +30.00000 8
189.9999 +35.00000 6
189.9999 +40.00000 8
189.9999 +45.00000 5
189.9999 +50.00000 6
189.9999 +55.00000 11
189.9999 +60.00000 12
189.9999 +65.00000 9
189.9999 +70.00000 8
189.9999 +75.00000 5
189.9999 +80.00000 7
189.9999 +85.00000 5
195.0000 -85.00000 11
195.0000 -80.00000 9
195.0000 -75.00000 14
195.0000 -70.00000 19
195.0000 -65.00000 21
195.0000 -60.00000 21
195.0000 -55.00000 16
195.0000 -50.00000 16
195.0000 -45.00000 15
195.0000 -40.00000 11
195.0000 -35.00000 6
195.0000 -30.00000 6
195.0000 -25.00000 5
195.0000 -20.00000 7
195.0000 -15.00000 4
195.0000 -10.00000 4
195.0000 -05.00000 4
195.0000 +00.00000 3
195.0000 +05.00000 4
195.0000 +10.00000 10
195.0000 +15.00000 9
195.0000 +20.00000 7
195.0000 +25.00000 7
195.0000 +30.00000 5
195.0000 +35.00000 8
195.0000 +40.00000 10
195.0000 +45.00000 4
195.0000 +50.00000 4
195.0000 +55.00000 8
195.0000 +60.00000 9
195.0000 +65.00000 8
195.0000 +70.00000 8
195.0000 +75.00000 6
195.0000 +80.00000 7
195.0000 +85.00000 7
199.9999 -85.00000 10
199.9999 -80.00000 11
199.9999 -75.00000 14
199.9999 -70.00000 19
199.9999 -65.00000 13
199.9999 -60.00000 19
199.9999 -55.00000 16
199.9999 -50.00000 16
199.9999 -45.00000 12
199.9999 -40.00000 12
199.9999 -35.00000 7
199.9999 -30.00000 3
199.9999 -25.00000 5
199.9999 -20.00000 11
199.9999 -15.00000 9
199.9999 -10.00000 9
199.9999 -05.00000 8
199.9999 +00.00000 4
199.9999 +05.00000 5
199.9999 +10.00000 11
199.9999 +15.00000 7
199.9999 +20.00000 5
199.9999 +25.00000 6
199.9999 +30.00000 4
199.9999 +35.00000 7
199.9999 +40.00000 9
199.9999 +45.00000 9
199.9999 +50.00000 9
199.9999 +55.00000 11
199.9999 +60.00000 6
199.9999 +65.00000 10
199.9999 +70.00000 7
199.9999 +75.00000 7
199.9999 +80.00000 7
199.9999 +85.00000 6
204.9999 -85.00000 10
204.9999 -80.00000 11
204.9999 -75.00000 10
204.9999 -70.00000 14
204.9999 -65.00000 14
204.9999 -60.00000 14
204.9999 -55.00000 13
204.9999 -50.00000 17
204.9999 -45.00000 17
204.9999 -40.00000 10
204.9999 -35.00000 9
204.9999 -30.00000 9
204.9999 -25.00000 7
204.9999 -20.00000 7
204.9999 -15.00000 10
204.9999 -10.00000 9
204.9999 -05.00000 7
204.9999 +00.00000 6
204.9999 +05.00000 3
204.9999 +10.00000 4
204.9999 +15.00000 10
204.9999 +20.00000 9
204.9999 +25.00000 7
204.9999 +30.00000 4
204.9999 +35.00000 10
204.9999 +40.00000 8
204.9999 +45.00000 4
204.9999 +50.00000 11
204.9999 +55.00000 9
204.9999 +60.00000 5
204.9999 +65.00000 7
204.9999 +70.00000 2
204.9999 +75.00000 5
204.9999 +80.00000 7
204.9999 +85.00000 6
210.0000 -85.00000 12
210.0000 -80.00000 12
210.0000 -75.00000 10
210.0000 -70.00000 13
210.0000 -65.00000 15
210.0000 -60.00000 13
210.0000 -55.00000 15
210.0000 -50.00000 17
210.0000 -45.00000 20
210.0000 -40.00000 15
210.0000 -35.00000 10
210.0000 -30.00000 10
210.0000 -25.00000 7
210.0000 -20.00000 6
210.0000 -15.00000 7
210.0000 -10.00000 4
210.0000 -05.00000 4
210.0000 +00.00000 5
210.0000 +05.00000 5
210.0000 +10.00000 5
210.0000 +15.00000 9
210.0000 +20.00000 9
210.0000 +25.00000 6
210.0000 +30.00000 4
210.0000 +35.00000 8
210.0000 +40.00000 5
210.0000 +45.00000 5
210.0000 +50.00000 13
210.0000 +55.00000 12
210.0000 +60.00000 5
210.0000 +65.00000 6
210.0000 +70.00000 2
210.0000 +75.00000 5
210.0000 +80.00000 6
210.0000 +85.00000 6
214.9999 -85.00000 12
214.9999 -80.00000 12
214.9999 -75.00000 8
214.9999 -70.00000 12
214.9999 -65.00000 16
214.9999 -60.00000 12
214.9999 -55.00000 15
214.9999 -50.00000 20
214.9999 -45.00000 21
214.9999 -40.00000 13
214.9999 -35.00000 8
214.9999 -30.00000 8
214.9999 -25.00000 10
214.9999 -20.00000 4
214.9999 -15.00000 4
214.9999 -10.00000 5
214.9999 -05.00000 6
214.9999 +00.00000 7
214.9999 +05.00000 5
214.9999 +10.00000 7
214.9999 +15.00000 7
214.9999 +20.00000 7
214.9999 +25.00000 4
214.9999 +30.00000 5
214.9999 +35.00000 4
214.9999 +40.00000 6
214.9999 +45.00000 5
214.9999 +50.00000 9
214.9999 +55.00000 8
214.9999 +60.00000 5
214.9999 +65.00000 7
214.9999 +70.00000 4
214.9999 +75.00000 6
214.9999 +80.00000 8
214.9999 +85.00000 6
219.9999 -85.00000 12
219.9999 -80.00000 16
219.9999 -75.00000 11
219.9999 -70.00000 12
219.9999 -65.00000 16
219.9999 -60.00000 17
219.9999 -55.00000 13
219.9999 -50.00000 16
219.9999 -45.00000 21
219.9999 -40.00000 18
219.9999 -35.00000 12
219.9999 -30.00000 9
219.9999 -25.00000 13
219.9999 -20.00000 5
219.9999 -15.00000 4
219.9999 -10.00000 6
219.9999 -05.00000 6
219.9999 +00.00000 6
219.9999 +05.00000 5
219.9999 +10.00000 6
219.9999 +15.00000 10
219.9999 +20.00000 9
219.9999 +25.00000 8
219.9999 +30.00000 8
219.9999 +35.00000 7
219.9999 +40.00000 9
219.9999 +45.00000 7
219.9999 +50.00000 10
219.9999 +55.00000 5
219.9999 +60.00000 4
219.9999 +65.00000 5
219.9999 +70.00000 6
219.9999 +75.00000 7
219.9999 +80.00000 7
219.9999 +85.00000 6
225.0000 -85.00000 11
225.0000 -80.00000 17
225.0000 -75.00000 10
225.0000 -70.00000 11
225.0000 -65.00000 22
225.0000 -60.00000 14
225.0000 -55.00000 7
225.0000 -50.00000 18
225.0000 -45.00000 22
225.0000 -40.00000 17
225.0000 -35.00000 14
225.0000 -30.00000 14
225.0000 -25.00000 16
225.0000 -20.00000 10
225.0000 -15.00000 7
225.0000 -10.00000 6
225.0000 -05.00000 8
225.0000 +00.00000 11
225.0000 +05.00000 3
225.0000 +10.00000 3
225.0000 +15.00000 11
225.0000 +20.00000 8
225.0000 +25.00000 9
225.0000 +30.00000 8
225.0000 +35.00000 6
225.0000 +40.00000 7
225.0000 +45.00000 8
225.0000 +50.00000 7
225.0000 +55.00000 5
225.0000 +60.00000 6
225.0000 +65.00000 7
225.0000 +70.00000 7
225.0000 +75.00000 10
225.0000 +80.00000 9
225.0000 +85.00000 6
229.9999 -85.00000 11
229.9999 -80.00000 18
229.9999 -75.00000 11
229.9999 -70.00000 12
229.9999 -65.00000 20
229.9999 -60.00000 15
229.9999 -55.00000 9
229.9999 -50.00000 13
229.9999 -45.00000 25
229.9999 -40.00000 20
229.9999 -35.00000 13
229.9999 -30.00000 10
229.9999 -25.00000 9
229.9999 -20.00000 10
229.9999 -15.00000 8
229.9999 -10.00000 7
229.9999 -05.00000 3
229.9999 +00.00000 8
229.9999 +05.00000 5
229.9999 +10.00000 3
229.9999 +15.00000 4
229.9999 +20.00000 4
229.9999 +25.00000 10
229.9999 +30.00000 12
229.9999 +35.00000 11
229.9999 +40.00000 9
229.9999 +45.00000 7
229.9999 +50.00000 9
229.9999 +55.00000 10
229.9999 +60.00000 7
229.9999 +65.00000 7
229.9999 +70.00000 7
229.9999 +75.00000 11
229.9999 +80.00000 9
229.9999 +85.00000 6
234.9999 -85.00000 12
234.9999 -80.00000 19
234.9999 -75.00000 14
234.9999 -70.00000 12
234.9999 -65.00000 17
234.9999 -60.00000 13
234.9999 -55.00000 11
234.9999 -50.00000 12
234.9999 -45.00000 14
234.9999 -40.00000 17
234.9999 -35.00000 13
234.9999 -30.00000 12
234.9999 -25.00000 16
234.9999 -20.00000 14
234.9999 -15.00000 11
234.9999 -10.00000 5
234.9999 -05.00000 7
234.9999 +00.00000 9
234.9999 +05.00000 7
234.9999 +10.00000 8
234.9999 +15.00000 15
234.9999 +20.00000 9
234.9999 +25.00000 8
234.9999 +30.00000 13
234.9999 +35.00000 12
234.9999 +40.00000 13
234.9999 +45.00000 11
234.9999 +50.00000 10
234.9999 +55.00000 13
234.9999 +60.00000 11
234.9999 +65.00000 8
234.9999 +70.00000 8
234.9999 +75.00000 12
234.9999 +80.00000 10
234.9999 +85.00000 6
240.0000 -85.00000 13
240.0000 -80.00000 16
240.0000 -75.00000 13
240.0000 -70.00000 13
240.0000 -65.00000 14
240.0000 -60.00000 13
240.0000 -55.00000 13
240.0000 -50.00000 12
240.0000 -45.00000 11
240.0000 -40.00000 14
240.0000 -35.00000 14
240.0000 -30.00000 19
240.0000 -25.00000 23
240.0000 -20.00000 17
240.0000 -15.00000 10
240.0000 -10.00000 8
240.0000 -05.00000 9
240.0000 +00.00000 8
240.0000 +05.00000 10
240.0000 +10.00000 5
240.0000 +15.00000 12
240.0000 +20.00000 13
240.0000 +25.00000 10
240.0000 +30.00000 10
240.0000 +35.00000 13
240.0000 +40.00000 13
240.0000 +45.00000 10
240.0000 +50.00000 8
240.0000 +55.00000 10
240.0000 +60.00000 11
240.0000 +65.00000 10
240.0000 +70.00000 8
240.0000 +75.00000 11
240.0000 +80.00000 10
240.0000 +85.00000 6
244.9999 -85.00000 11
244.9999 -80.00000 12
244.9999 -75.00000 11
244.9999 -70.00000 10
244.9999 -65.00000 12
244.9999 -60.00000 17
244.9999 -55.00000 15
244.9999 -50.00000 14
244.9999 -45.00000 11
244.9999 -40.00000 15
244.9999 -35.00000 15
244.9999 -30.00000 11
244.9999 -25.00000 19
244.9999 -20.00000 14
244.9999 -15.00000 7
244.9999 -10.00000 10
244.9999 -05.00000 9
244.9999 +00.00000 7
244.9999 +05.00000 9
244.9999 +10.00000 6
244.9999 +15.00000 6
244.9999 +20.00000 10
244.9999 +25.00000 6
244.9999 +30.00000 7
244.9999 +35.00000 11
244.9999 +40.00000 9
244.9999 +45.00000 10
244.9999 +50.00000 9
244.9999 +55.00000 11
244.9999 +60.00000 9
244.9999 +65.00000 9
244.9999 +70.00000 5
244.9999 +75.00000 8
244.9999 +80.00000 11
244.9999 +85.00000 4
249.9999 -85.00000 11
249.9999 -80.00000 11
249.9999 -75.00000 11
249.9999 -70.00000 12
249.9999 -65.00000 10
249.9999 -60.00000 14
249.9999 -55.00000 18
249.9999 -50.00000 12
249.9999 -45.00000 19
249.9999 -40.00000 21
249.9999 -35.00000 11
249.9999 -30.00000 10
249.9999 -25.00000 12
249.9999 -20.00000 9
249.9999 -15.00000 7
249.9999 -10.00000 5
249.9999 -05.00000 5
249.9999 +00.00000 9
249.9999 +05.00000 11
249.9999 +10.00000 9
249.9999 +15.00000 6
249.9999 +20.00000 7
249.9999 +25.00000 4
249.9999 +30.00000 7
249.9999 +35.00000 9
249.9999 +40.00000 5
249.9999 +45.00000 7
249.9999 +50.00000 7
249.9999 +55.00000 6
249.9999 +60.00000 8
249.9999 +65.00000 10
249.9999 +70.00000 5
249.9999 +75.00000 10
249.9999 +80.00000 12
249.9999 +85.00000 4
255.0000 -85.00000 9
255.0000 -80.00000 7
255.0000 -75.00000 8
255.0000 -70.00000 10
255.0000 -65.00000 12
255.0000 -60.00000 17
255.0000 -55.00000 18
255.0000 -50.00000 12
255.0000 -45.00000 18
255.0000 -40.00000 17
255.0000 -35.00000 16
255.0000 -30.00000 14
255.0000 -25.00000 9
255.0000 -20.00000 7
255.0000 -15.00000 3
255.0000 -10.00000 3
255.0000 -05.00000 4
255.0000 +00.00000 11
255.0000 +05.00000 8
255.0000 +10.00000 10
255.0000 +15.00000 10
255.0000 +20.00000 4
255.0000 +25.00000 9
255.0000 +30.00000 9
255.0000 +35.00000 10
255.0000 +40.00000 7
255.0000 +45.00000 5
255.0000 +50.00000 8
255.0000 +55.00000 8
255.0000 +60.00000 8
255.0000 +65.00000 7
255.0000 +70.00000 10
255.0000 +75.00000 10
255.0000 +80.00000 11
255.0000 +85.00000 5
259.9999 -85.00000 9
259.9999 -80.00000 7
259.9999 -75.00000 9
259.9999 -70.00000 9
259.9999 -65.00000 9
259.9999 -60.00000 17
259.9999 -55.00000 18
259.9999 -50.00000 14
259.9999 -45.00000 10
259.9999 -40.00000 14
259.9999 -35.00000 15
259.9999 -30.00000 13
259.9999 -25.00000 12
259.9999 -20.00000 8
259.9999 -15.00000 6
259.9999 -10.00000 5
259.9999 -05.00000 6
259.9999 +00.00000 10
259.9999 +05.00000 6
259.9999 +10.00000 9
259.9999 +15.00000 12
259.9999 +20.00000 11
259.9999 +25.00000 11
259.9999 +30.00000 10
259.9999 +35.00000 13
259.9999 +40.00000 9
259.9999 +45.00000 7
259.9999 +50.00000 7
259.9999 +55.00000 6
259.9999 +60.00000 3
259.9999 +65.00000 8
259.9999 +70.00000 7
259.9999 +75.00000 12
259.9999 +80.00000 8
259.9999 +85.00000 5
264.9999 -85.00000 10
264.9999 -80.00000 7
264.9999 -75.00000 5
264.9999 -70.00000 6
264.9999 -65.00000 9
264.9999 -60.00000 13
264.9999 -55.00000 12
264.9999 -50.00000 14
264.9999 -45.00000 11
264.9999 -40.00000 15
264.9999 -35.00000 17
264.9999 -30.00000 9
264.9999 -25.00000 9
264.9999 -20.00000 6
264.9999 -15.00000 6
264.9999 -10.00000 6
264.9999 -05.00000 6
264.9999 +00.00000 6
264.9999 +05.00000 8
264.9999 +10.00000 5
264.9999 +15.00000 7
264.9999 +20.00000 14
264.9999 +25.00000 16
264.9999 +30.00000 11
264.9999 +35.00000 8
264.9999 +40.00000 7
264.9999 +45.00000 6
264.9999 +50.00000 10
264.9999 +55.00000 9
264.9999 +60.00000 6
264.9999 +65.00000 8
264.9999 +70.00000 7
264.9999 +75.00000 10
264.9999 +80.00000 8
264.9999 +85.00000 4
270.0000 -85.00000 9
270.0000 -80.00000 7
270.0000 -75.00000 5
270.0000 -70.00000 5
270.0000 -65.00000 11
270.0000 -60.00000 10
270.0000 -55.00000 7
270.0000 -50.00000 9
270.0000 -45.00000 14
270.0000 -40.00000 18
270.0000 -35.00000 16
270.0000 -30.00000 13
270.0000 -25.00000 12
270.0000 -20.00000 13
270.0000 -15.00000 5
270.0000 -10.00000 3
270.0000 -05.00000 7
270.0000 +00.00000 12
270.0000 +05.00000 14
270.0000 +10.00000 3
270.0000 +15.00000 3
270.0000 +20.00000 13
270.0000 +25.00000 18
270.0000 +30.00000 14
270.0000 +35.00000 11
270.0000 +40.00000 9
270.0000 +45.00000 4
270.0000 +50.00000 7
270.0000 +55.00000 8
270.0000 +60.00000 5
270.0000 +65.00000 7
270.0000 +70.00000 8
270.0000 +75.00000 10
270.0000 +80.00000 9
270.0000 +85.00000 6
274.9999 -85.00000 7
274.9999 -80.00000 5
274.9999 -75.00000 5
274.9999 -70.00000 7
274.9999 -65.00000 11
274.9999 -60.00000 10
274.9999 -55.00000 3
274.9999 -50.00000 9
274.9999 -45.00000 18
274.9999 -40.00000 21
274.9999 -35.00000 15
274.9999 -30.00000 14
274.9999 -25.00000 17
274.9999 -20.00000 15
274.9999 -15.00000 12
274.9999 -10.00000 7
274.9999 -05.00000 7
274.9999 +00.00000 11
274.9999 +05.00000 12
274.9999 +10.00000 8
274.9999 +15.00000 5
274.9999 +20.00000 16
274.9999 +25.00000 14
274.9999 +30.00000 14
274.9999 +35.00000 11
274.9999 +40.00000 12
274.9999 +45.00000 4
274.9999 +50.00000 7
274.9999 +55.00000 9
274.9999 +60.00000 8
274.9999 +65.00000 6
274.9999 +70.00000 11
274.9999 +75.00000 13
274.9999 +80.00000 9
274.9999 +85.00000 5
279.9999 -85.00000 8
279.9999 -80.00000 5
279.9999 -75.00000 5
279.9999 -70.00000 9
279.9999 -65.00000 13
279.9999 -60.00000 10
279.9999 -55.00000 5
279.9999 -50.00000 13
279.9999 -45.00000 19
279.9999 -40.00000 21
279.9999 -35.00000 15
279.9999 -30.00000 7
279.9999 -25.00000 14
279.9999 -20.00000 18
279.9999 -15.00000 12
279.9999 -10.00000 10
279.9999 -05.00000 11
279.9999 +00.00000 7
279.9999 +05.00000 11
279.9999 +10.00000 6
279.9999 +15.00000 10
279.9999 +20.00000 15
279.9999 +25.00000 14
279.9999 +30.00000 17
279.9999 +35.00000 23
279.9999 +40.00000 15
279.9999 +45.00000 6
279.9999 +50.00000 10
279.9999 +55.00000 16
279.9999 +60.00000 9
279.9999 +65.00000 8
279.9999 +70.00000 11
279.9999 +75.00000 12
279.9999 +80.00000 11
279.9999 +85.00000 7
285.0000 -85.00000 11
285.0000 -80.00000 5
285.0000 -75.00000 7
285.0000 -70.00000 8
285.0000 -65.00000 12
285.0000 -60.00000 6
285.0000 -55.00000 7
285.0000 -50.00000 7
285.0000 -45.00000 15
285.0000 -40.00000 17
285.0000 -35.00000 10
285.0000 -30.00000 5
285.0000 -25.00000 18
285.0000 -20.00000 19
285.0000 -15.00000 8
285.0000 -10.00000 9
285.0000 -05.00000 9
285.0000 +00.00000 11
285.0000 +05.00000 11
285.0000 +10.00000 8
285.0000 +15.00000 11
285.0000 +20.00000 14
285.0000 +25.00000 11
285.0000 +30.00000 17
285.0000 +35.00000 21
285.0000 +40.00000 17
285.0000 +45.00000 8
285.0000 +50.00000 15
285.0000 +55.00000 18
285.0000 +60.00000 10
285.0000 +65.00000 8
285.0000 +70.00000 11
285.0000 +75.00000 12
285.0000 +80.00000 12
285.0000 +85.00000 7
289.9999 -85.00000 8
289.9999 -80.00000 4
289.9999 -75.00000 7
289.9999 -70.00000 13
289.9999 -65.00000 12
289.9999 -60.00000 4
289.9999 -55.00000 8
289.9999 -50.00000 10
289.9999 -45.00000 12
289.9999 -40.00000 13
289.9999 -35.00000 6
289.9999 -30.00000 8
289.9999 -25.00000 16
289.9999 -20.00000 15
289.9999 -15.00000 10
289.9999 -10.00000 5
289.9999 -05.00000 11
289.9999 +00.00000 12
289.9999 +05.00000 11
289.9999 +10.00000 10
289.9999 +15.00000 14
289.9999 +20.00000 10
289.9999 +25.00000 15
289.9999 +30.00000 12
289.9999 +35.00000 12
289.9999 +40.00000 11
289.9999 +45.00000 9
289.9999 +50.00000 14
289.9999 +55.00000 14
289.9999 +60.00000 8
289.9999 +65.00000 9
289.9999 +70.00000 9
289.9999 +75.00000 11
289.9999 +80.00000 11
289.9999 +85.00000 8
294.9999 -85.00000 7
294.9999 -80.00000 3
294.9999 -75.00000 4
294.9999 -70.00000 14
294.9999 -65.00000 10
294.9999 -60.00000 4
294.9999 -55.00000 7
294.9999 -50.00000 5
294.9999 -45.00000 10
294.9999 -40.00000 6
294.9999 -35.00000 6
294.9999 -30.00000 5
294.9999 -25.00000 11
294.9999 -20.00000 12
294.9999 -15.00000 13
294.9999 -10.00000 7
294.9999 -05.00000 8
294.9999 +00.00000 13
294.9999 +05.00000 10
294.9999 +10.00000 14
294.9999 +15.00000 16
294.9999 +20.00000 12
294.9999 +25.00000 16
294.9999 +30.00000 14
294.9999 +35.00000 17
294.9999 +40.00000 18
294.9999 +45.00000 12
294.9999 +50.00000 18
294.9999 +55.00000 17
294.9999 +60.00000 8
294.9999 +65.00000 11
294.9999 +70.00000 9
294.9999 +75.00000 11
294.9999 +80.00000 11
294.9999 +85.00000 9
300.0000 -85.00000 7
300.0000 -80.00000 5
300.0000 -75.00000 3
300.0000 -70.00000 11
300.0000 -65.00000 10
300.0000 -60.00000 8
300.0000 -55.00000 9
300.0000 -50.00000 5
300.0000 -45.00000 4
300.0000 -40.00000 8
300.0000 -35.00000 8
300.0000 -30.00000 9
300.0000 -25.00000 5
300.0000 -20.00000 5
300.0000 -15.00000 9
300.0000 -10.00000 6
300.0000 -05.00000 6
300.0000 +00.00000 8
300.0000 +05.00000 8
300.0000 +10.00000 11
300.0000 +15.00000 12
300.0000 +20.00000 16
300.0000 +25.00000 20
300.0000 +30.00000 14
300.0000 +35.00000 21
300.0000 +40.00000 20
300.0000 +45.00000 16
300.0000 +50.00000 18
300.0000 +55.00000 12
300.0000 +60.00000 11
300.0000 +65.00000 12
300.0000 +70.00000 7
300.0000 +75.00000 8
300.0000 +80.00000 10
300.0000 +85.00000 10
304.9999 -85.00000 8
304.9999 -80.00000 6
304.9999 -75.00000 4
304.9999 -70.00000 12
304.9999 -65.00000 11
304.9999 -60.00000 8
304.9999 -55.00000 6
304.9999 -50.00000 4
304.9999 -45.00000 5
304.9999 -40.00000 5
304.9999 -35.00000 8
304.9999 -30.00000 5
304.9999 -25.00000 5
304.9999 -20.00000 4
304.9999 -15.00000 10
304.9999 -10.00000 7
304.9999 -05.00000 5
304.9999 +00.00000 9
304.9999 +05.00000 2
304.9999 +10.00000 8
304.9999 +15.00000 12
304.9999 +20.00000 12
304.9999 +25.00000 15
304.9999 +30.00000 15
304.9999 +35.00000 17
304.9999 +40.00000 16
304.9999 +45.00000 15
304.9999 +50.00000 15
304.9999 +55.00000 9
304.9999 +60.00000 16
304.9999 +65.00000 11
304.9999 +70.00000 8
304.9999 +75.00000 7
304.9999 +80.00000 9
304.9999 +85.00000 10
309.9999 -85.00000 8
309.9999 -80.00000 6
309.9999 -75.00000 5
309.9999 -70.00000 13
309.9999 -65.00000 12
309.9999 -60.00000 6
309.9999 -55.00000 7
309.9999 -50.00000 6
309.9999 -45.00000 6
309.9999 -40.00000 9
309.9999 -35.00000 6
309.9999 -30.00000 8
309.9999 -25.00000 6
309.9999 -20.00000 7
309.9999 -15.00000 10
309.9999 -10.00000 6
309.9999 -05.00000 8
309.9999 +00.00000 5
309.9999 +05.00000 4
309.9999 +10.00000 11
309.9999 +15.00000 17
309.9999 +20.00000 14
309.9999 +25.00000 12
309.9999 +30.00000 13
309.9999 +35.00000 15
309.9999 +40.00000 15
309.9999 +45.00000 24
309.9999 +50.00000 15
309.9999 +55.00000 8
309.9999 +60.00000 13
309.9999 +65.00000 15
309.9999 +70.00000 9
309.9999 +75.00000 4
309.9999 +80.00000 7
309.9999 +85.00000 11
315.0000 -85.00000 9
315.0000 -80.00000 9
315.0000 -75.00000 6
315.0000 -70.00000 7
315.0000 -65.00000 7
315.0000 -60.00000 5
315.0000 -55.00000 7
315.0000 -50.00000 8
315.0000 -45.00000 5
315.0000 -40.00000 11
315.0000 -35.00000 10
315.0000 -30.00000 12
315.0000 -25.00000 9
315.0000 -20.00000 9
315.0000 -15.00000 10
315.0000 -10.00000 9
315.0000 -05.00000 7
315.0000 +00.00000 1
315.0000 +05.00000 6
315.0000 +10.00000 10
315.0000 +15.00000 11
315.0000 +20.00000 3
315.0000 +25.00000 7
315.0000 +30.00000 11
315.0000 +35.00000 11
315.0000 +40.00000 15
315.0000 +45.00000 20
315.0000 +50.00000 18
315.0000 +55.00000 10
315.0000 +60.00000 10
315.0000 +65.00000 8
315.0000 +70.00000 8
315.0000 +75.00000 8
315.0000 +80.00000 10
315.0000 +85.00000 12
319.9999 -85.00000 10
319.9999 -80.00000 10
319.9999 -75.00000 6
319.9999 -70.00000 8
319.9999 -65.00000 7
319.9999 -60.00000 4
319.9999 -55.00000 5
319.9999 -50.00000 4
319.9999 -45.00000 7
319.9999 -40.00000 10
319.9999 -35.00000 8
319.9999 -30.00000 6
319.9999 -25.00000 11
319.9999 -20.00000 15
319.9999 -15.00000 7
319.9999 -10.00000 4
319.9999 -05.00000 7
319.9999 +00.00000 3
319.9999 +05.00000 6
319.9999 +10.00000 7
319.9999 +15.00000 2
319.9999 +20.00000 7
319.9999 +25.00000 5
319.9999 +30.00000 8
319.9999 +35.00000 13
319.9999 +40.00000 18
319.9999 +45.00000 19
319.9999 +50.00000 20
319.9999 +55.00000 9
319.9999 +60.00000 15
319.9999 +65.00000 13
319.9999 +70.00000 10
319.9999 +75.00000 10
319.9999 +80.00000 9
319.9999 +85.00000 12
324.9999 -85.00000 13
324.9999 -80.00000 10
324.9999 -75.00000 6
324.9999 -70.00000 8
324.9999 -65.00000 7
324.9999 -60.00000 5
324.9999 -55.00000 4
324.9999 -50.00000 3
324.9999 -45.00000 5
324.9999 -40.00000 9
324.9999 -35.00000 6
324.9999 -30.00000 5
324.9999 -25.00000 6
324.9999 -20.00000 11
324.9999 -15.00000 11
324.9999 -10.00000 10
324.9999 -05.00000 7
324.9999 +00.00000 4
324.9999 +05.00000 7
324.9999 +10.00000 6
324.9999 +15.00000 5
324.9999 +20.00000 9
324.9999 +25.00000 11
324.9999 +30.00000 8
324.9999 +35.00000 8
324.9999 +40.00000 12
324.9999 +45.00000 14
324.9999 +50.00000 13
324.9999 +55.00000 13
324.9999 +60.00000 20
324.9999 +65.00000 17
324.9999 +70.00000 12
324.9999 +75.00000 12
324.9999 +80.00000 11
324.9999 +85.00000 13
330.0000 -85.00000 14
330.0000 -80.00000 13
330.0000 -75.00000 7
330.0000 -70.00000 6
330.0000 -65.00000 7
330.0000 -60.00000 7
330.0000 -55.00000 5
330.0000 -50.00000 3
330.0000 -45.00000 6
330.0000 -40.00000 6
330.0000 -35.00000 10
330.0000 -30.00000 9
330.0000 -25.00000 5
330.0000 -20.00000 4
330.0000 -15.00000 10
330.0000 -10.00000 8
330.0000 -05.00000 6
330.0000 +00.00000 7
330.0000 +05.00000 7
330.0000 +10.00000 10
330.0000 +15.00000 8
330.0000 +20.00000 8
330.0000 +25.00000 10
330.0000 +30.00000 12
330.0000 +35.00000 6
330.0000 +40.00000 11
330.0000 +45.00000 10
330.0000 +50.00000 9
330.0000 +55.00000 15
330.0000 +60.00000 24
330.0000 +65.00000 17
330.0000 +70.00000 13
330.0000 +75.00000 14
330.0000 +80.00000 10
330.0000 +85.00000 13
334.9999 -85.00000 14
334.9999 -80.00000 16
334.9999 -75.00000 7
334.9999 -70.00000 6
334.9999 -65.00000 6
334.9999 -60.00000 7
334.9999 -55.00000 6
334.9999 -50.00000 5
334.9999 -45.00000 8
334.9999 -40.00000 9
334.9999 -35.00000 8
334.9999 -30.00000 11
334.9999 -25.00000 8
334.9999 -20.00000 5
334.9999 -15.00000 5
334.9999 -10.00000 7
334.9999 -05.00000 8
334.9999 +00.00000 12
334.9999 +05.00000 9
334.9999 +10.00000 8
334.9999 +15.00000 3
334.9999 +20.00000 3
334.9999 +25.00000 7
334.9999 +30.00000 11
334.9999 +35.00000 6
334.9999 +40.00000 9
334.9999 +45.00000 10
334.9999 +50.00000 9
334.9999 +55.00000 16
334.9999 +60.00000 23
334.9999 +65.00000 14
334.9999 +70.00000 13
334.9999 +75.00000 12
334.9999 +80.00000 11
334.9999 +85.00000 11
339.9999 -85.00000 14
339.9999 -80.00000 14
339.9999 -75.00000 7
339.9999 -70.00000 6
339.9999 -65.00000 5
339.9999 -60.00000 6
339.9999 -55.00000 7
339.9999 -50.00000 9
339.9999 -45.00000 8
339.9999 -40.00000 9
339.9999 -35.00000 9
339.9999 -30.00000 12
339.9999 -25.00000 6
339.9999 -20.00000 5
339.9999 -15.00000 9
339.9999 -10.00000 5
339.9999 -05.00000 5
339.9999 +00.00000 9
339.9999 +05.00000 5
339.9999 +10.00000 6
339.9999 +15.00000 5
339.9999 +20.00000 4
339.9999 +25.00000 4
339.9999 +30.00000 5
339.9999 +35.00000 7
339.9999 +40.00000 16
339.9999 +45.00000 16
339.9999 +50.00000 11
339.9999 +55.00000 11
339.9999 +60.00000 17
339.9999 +65.00000 14
339.9999 +70.00000 13
339.9999 +75.00000 13
339.9999 +80.00000 10
339.9999 +85.00000 9
345.0000 -85.00000 14
345.0000 -80.00000 16
345.0000 -75.00000 7
345.0000 -70.00000 6
345.0000 -65.00000 8
345.0000 -60.00000 7
345.0000 -55.00000 10
345.0000 -50.00000 10
345.0000 -45.00000 11
345.0000 -40.00000 10
345.0000 -35.00000 7
345.0000 -30.00000 11
345.0000 -25.00000 10
345.0000 -20.00000 7
345.0000 -15.00000 6
345.0000 -10.00000 8
345.0000 -05.00000 7
345.0000 +00.00000 5
345.0000 +05.00000 10
345.0000 +10.00000 10
345.0000 +15.00000 6
345.0000 +20.00000 7
345.0000 +25.00000 7
345.0000 +30.00000 5
345.0000 +35.00000 3
345.0000 +40.00000 18
345.0000 +45.00000 19
345.0000 +50.00000 11
345.0000 +55.00000 10
345.0000 +60.00000 12
345.0000 +65.00000 7
345.0000 +70.00000 12
345.0000 +75.00000 12
345.0000 +80.00000 8
345.0000 +85.00000 9
349.9999 -85.00000 14
349.9999 -80.00000 14
349.9999 -75.00000 11
349.9999 -70.00000 6
349.9999 -65.00000 8
349.9999 -60.00000 5
349.9999 -55.00000 8
349.9999 -50.00000 7
349.9999 -45.00000 12
349.9999 -40.00000 10
349.9999 -35.00000 4
349.9999 -30.00000 7
349.9999 -25.00000 8
349.9999 -20.00000 6
349.9999 -15.00000 4
349.9999 -10.00000 8
349.9999 -05.00000 8
349.9999 +00.00000 6
349.9999 +05.00000 8
349.9999 +10.00000 9
349.9999 +15.00000 5
349.9999 +20.00000 6
349.9999 +25.00000 7
349.9999 +30.00000 6
349.9999 +35.00000 7
349.9999 +40.00000 12
349.9999 +45.00000 17
349.9999 +50.00000 11
349.9999 +55.00000 8
349.9999 +60.00000 10
349.9999 +65.00000 10
349.9999 +70.00000 11
349.9999 +75.00000 10
349.9999 +80.00000 10
349.9999 +85.00000 8
354.9999 -85.00000 12
354.9999 -80.00000 14
354.9999 -75.00000 9
354.9999 -70.00000 6
354.9999 -65.00000 8
354.9999 -60.00000 8
354.9999 -55.00000 7
354.9999 -50.00000 8
354.9999 -45.00000 4
354.9999 -40.00000 5
354.9999 -35.00000 3
354.9999 -30.00000 4
354.9999 -25.00000 3
354.9999 -20.00000 10
354.9999 -15.00000 14
354.9999 -10.00000 5
354.9999 -05.00000 3
354.9999 +00.00000 9
354.9999 +05.00000 10
354.9999 +10.00000 7
354.9999 +15.00000 4
354.9999 +20.00000 4
354.9999 +25.00000 7
354.9999 +30.00000 7
354.9999 +35.00000 8
354.9999 +40.00000 11
354.9999 +45.00000 10
354.9999 +50.00000 9
354.9999 +55.00000 11
354.9999 +60.00000 18
354.9999 +65.00000 12
354.9999 +70.00000 9
354.9999 +75.00000 10
354.9999 +80.00000 9
354.9999 +85.00000 9
